+++++++++++
camera to lidar:
  0.207584   0.510005   0.834748  -0.631936
 -0.540812  -0.651232   0.532371 -0.0743542
  0.815126  -0.561954   0.140631    1.62208
         0          0          0          1
+++++++++++++++


-----------------------------
lidar to camera:
 0.207584 -0.540812  0.815126  -1.23123
 0.510005 -0.651232 -0.561954    1.1854
 0.834748  0.532371  0.140631  0.338976
        0         0         0         1
