image_width: 1280
image_height: 720
camera_name: narrow_stereo
camera_matrix:
  rows: 3
  cols: 3
  data: [1375.58851,    0.     ,  658.21745,
            0.     , 1376.01224,  366.69729,
            0.     ,    0.     ,    1.     ]
distortion_model: plumb_bob
distortion_coefficients:
  rows: 1
  cols: 5
  data: [-0.612822, 0.377206, 0.007696, -0.002747, -0.147544]
rectification_matrix:
  rows: 3
  cols: 3
  data: [1., 0., 0.,
         0., 1., 0.,
         0., 0., 1.]
projection_matrix:
  rows: 3
  cols: 4
  data: [1161.99011,    0.     ,  661.2397 ,    0.     ,
            0.     , 1314.9989 ,  369.94957,    0.     ,
            0.     ,    0.     ,    1.     ,    0.     ]
